# Theta E V G K
    0.0000    28.1503     0.9186    26.1690     8.5510
    0.0175    28.1742     0.9184    26.1502     8.5544
    0.0350    28.2457     0.9176    26.0936     8.5648
    0.0525    28.3654     0.9163    25.9998     8.5821
    0.0700    28.5336     0.9145    25.8692     8.6062
    0.0875    28.7512     0.9121    25.7028     8.6372
    0.1050    29.0190     0.9092    25.5013     8.6750
    0.1225    29.3382     0.9057    25.2662     8.7196
    0.1400    29.7103     0.9015    24.9987     8.7709
    0.1575    30.1367     0.8968    24.7004     8.8288
    0.1750    30.6191     0.8913    24.3729     8.8933
    0.1925    31.1596     0.8852    24.0180     8.9643
    0.2100    31.7601     0.8782    23.6375     9.0418
    0.2275    32.4229     0.8705    23.2335     9.1255
    0.2450    33.1503     0.8618    22.8079     9.2154
    0.2625    33.9445     0.8522    22.3628     9.3115
    0.2800    34.8081     0.8417    21.9001     9.4135
    0.2975    35.7431     0.8300    21.4218     9.5214
    0.3150    36.7517     0.8172    20.9301     9.6350
    0.3325    37.8355     0.8031    20.4268     9.7542
    0.3500    38.9959     0.7877    19.9138     9.8789
    0.3675    40.2335     0.7709    19.3929    10.0088
    0.3850    41.5479     0.7527    18.8659    10.1439
    0.4025    42.9376     0.7328    18.3346    10.2839
    0.4200    44.3996     0.7114    17.8004    10.4288
    0.4375    45.9290     0.6883    17.2648    10.5782
    0.4550    47.5187     0.6634    16.7293    10.7321
    0.4726    49.1589     0.6369    16.1951    10.8902
    0.4901    50.8366     0.6086    15.6634    11.0524
    0.5076    52.5353     0.5788    15.1354    11.2184
    0.5251    54.2349     0.5475    14.6120    11.3881
    0.5426    55.9113     0.5149    14.0941    11.5612
    0.5601    57.5366     0.4813    13.5826    11.7376
    0.5776    59.0797     0.4470    13.0782    11.9169
    0.5951    60.5064     0.4124    12.5815    12.0991
    0.6126    61.7814     0.3781    12.0932    12.2838
    0.6301    62.8691     0.3446    11.6137    12.4709
    0.6476    63.7360     0.3124    11.1434    12.6601
    0.6651    64.3521     0.2821    10.6828    12.8511
    0.6826    64.6936     0.2543    10.2321    13.0438
    0.7001    64.7441     0.2296     9.7916    13.2380
    0.7176    64.4964     0.2083     9.3615    13.4333
    0.7351    63.9527     0.1909     8.9420    13.6295
    0.7526    63.1250     0.1774     8.5331    13.8264
    0.7701    62.0339     0.1681     8.1351    14.0238
    0.7876    60.7073     0.1629     7.7478    14.2214
    0.8051    59.1784     0.1615     7.3714    14.4190
    0.8226    57.4837     0.1637     7.0059    14.6163
    0.8401    55.6607     0.1692     6.6511    14.8131
    0.8576    53.7464     0.1775     6.3071    15.0091
    0.8751    51.7753     0.1882     5.9738    15.2041
    0.8926    49.7788     0.2010     5.6511    15.3979
    0.9101    47.7842     0.2154     5.3388    15.5902
    0.9276    45.8146     0.2309     5.0370    15.7808
    0.9451    43.8888     0.2473     4.7455    15.9695
    0.9626    42.0215     0.2643     4.4640    16.1560
    0.9801    40.2238     0.2815     4.1926    16.3401
    0.9976    38.5035     0.2988     3.9311    16.5216
    1.0151    36.8658     0.3160     3.6793    16.7002
    1.0326    35.3135     0.3329     3.4371    16.8758
    1.0501    33.8477     0.3494     3.2044    17.0481
    1.0676    32.4678     0.3654     2.9809    17.2168
    1.0851    31.1724     0.3808     2.7666    17.3819
    1.1026    29.9593     0.3956     2.5613    17.5431
    1.1201    28.8254     0.4098     2.3649    17.7002
    1.1376    27.7676     0.4233     2.1771    17.8530
    1.1551    26.7824     0.4361     1.9980    18.0013
    1.1726    25.8662     0.4483     1.8274    18.1449
    1.1901    25.0154     0.4597     1.6650    18.2838
    1.2076    24.2265     0.4705     1.5109    18.4176
    1.2251    23.4961     0.4807     1.3648    18.5462
    1.2426    22.8209     0.4902     1.2268    18.6695
    1.2601    22.1979     0.4991     1.0965    18.7873
    1.2776    21.6241     0.5074     0.9740    18.8995
    1.2951    21.0967     0.5151     0.8592    19.0060
    1.3126    20.6134     0.5222     0.7519    19.1065
    1.3301    20.1717     0.5288     0.6520    19.2011
    1.3476    19.7694     0.5348     0.5596    19.2895
    1.3651    19.4048     0.5403     0.4744    19.3716
    1.3827    19.0759     0.5453     0.3964    19.4474
    1.4002    18.7812     0.5499     0.3256    19.5168
    1.4177    18.5192     0.5539     0.2619    19.5797
    1.4352    18.2887     0.5575     0.2052    19.6360
    1.4527    18.0887     0.5606     0.1555    19.6856
    1.4702    17.9180     0.5633     0.1127    19.7285
    1.4877    17.7759     0.5655     0.0769    19.7646
    1.5052    17.6618     0.5673     0.0479    19.7939
    1.5227    17.5750     0.5687     0.0257    19.8163
    1.5402    17.5152     0.5696     0.0104    19.8319
    1.5577    17.4821     0.5701     0.0019    19.8405
    1.5752    17.4754     0.5702     0.0002    19.8422
    1.5927    17.4953     0.5699     0.0053    19.8370
    1.6102    17.5418     0.5692     0.0172    19.8250
    1.6277    17.6150     0.5680     0.0360    19.8060
    1.6452    17.7154     0.5664     0.0615    19.7801
    1.6627    17.8434     0.5644     0.0939    19.7474
    1.6802    17.9997     0.5620     0.1332    19.7079
    1.6977    18.1850     0.5591     0.1795    19.6616
    1.7152    18.4001     0.5557     0.2327    19.6087
    1.7327    18.6462     0.5519     0.2929    19.5491
    1.7502    18.9243     0.5477     0.3601    19.4829
    1.7677    19.2359     0.5429     0.4345    19.4103
    1.7852    19.5825     0.5376     0.5161    19.3313
    1.8027    19.9657     0.5319     0.6049    19.2460
    1.8202    20.3874     0.5256     0.7010    19.1545
    1.8377    20.8497     0.5187     0.8046    19.0570
    1.8552    21.3548     0.5113     0.9157    18.9535
    1.8727    21.9050     0.5033     1.0343    18.8441
    1.8902    22.5031     0.4947     1.1607    18.7291
    1.9077    23.1518     0.4855     1.2948    18.6085
    1.9252    23.8542     0.4757     1.4369    18.4825
    1.9427    24.6134     0.4652     1.5870    18.3513
    1.9602    25.4328     0.4541     1.7452    18.2150
    1.9777    26.3159     0.4423     1.9116    18.0737
    1.9952    27.2662     0.4298     2.0865    17.9277
    2.0127    28.2872     0.4166     2.2699    17.7771
    2.0302    29.3826     0.4028     2.4620    17.6222
    2.0477    30.5558     0.3883     2.6628    17.4630
    2.0652    31.8097     0.3731     2.8726    17.2999
    2.0827    33.1470     0.3574     3.0915    17.1329
    2.1002    34.5698     0.3412     3.3196    16.9623
    2.1177    36.0789     0.3245     3.5570    16.7884
    2.1352    37.6741     0.3074     3.8040    16.6113
    2.1527    39.3536     0.2902     4.0607    16.4312
    2.1702    41.1134     0.2729     4.3271    16.2484
    2.1877    42.9470     0.2558     4.6035    16.0630
    2.2052    44.8452     0.2390     4.8900    15.8754
    2.2227    46.7950     0.2230     5.1866    15.6858
    2.2402    48.7797     0.2080     5.4936    15.4943
    2.2577    50.7784     0.1944     5.8111    15.3012
    2.2752    52.7659     0.1826     6.1391    15.1067
    2.2928    54.7128     0.1730     6.4778    14.9112
    2.3103    56.5859     0.1660     6.8271    14.7147
    2.3278    58.3494     0.1621     7.1873    14.5177
    2.3453    59.9659     0.1617     7.5583    14.3202
    2.3628    61.3981     0.1650     7.9401    14.1226
    2.3803    62.6108     0.1723     8.3328    13.9251
    2.3978    63.5733     0.1836     8.7362    13.7279
    2.4153    64.2610     0.1991     9.1504    13.5313
    2.4328    64.6576     0.2185     9.5752    13.3355
    2.4503    64.7559     0.2415    10.0105    13.1407
    2.4678    64.5584     0.2678    10.4562    12.9473
    2.4853    64.0771     0.2969    10.9119    12.7554
    2.5028    63.3322     0.3283    11.3773    12.5652
    2.5203    62.3508     0.3612    11.8523    12.3771
    2.5378    61.1651     0.3952    12.3363    12.1912
    2.5553    59.8098     0.4297    12.8288    12.0077
    2.5728    58.3205     0.4642    13.3295    11.8269
    2.5903    56.7322     0.4982    13.8375    11.6490
    2.6078    55.0776     0.5313    14.3523    11.4743
    2.6253    53.3864     0.5633    14.8730    11.3028
    2.6428    51.6845     0.5939    15.3989    11.1350
    2.6603    49.9940     0.6229    15.9289    10.9708
    2.6778    48.3332     0.6503    16.4619    10.8107
    2.6953    46.7169     0.6760    16.9969    10.6546
    2.7128    45.1563     0.7000    17.5327    10.5029
    2.7303    43.6598     0.7223    18.0677    10.3558
    2.7478    42.2334     0.7430    18.6007    10.2133
    2.7653    40.8811     0.7620    19.1301    10.0757
    2.7828    39.6051     0.7795    19.6542     9.9432
    2.8003    38.4061     0.7956    20.1714     9.8159
    2.8178    37.2841     0.8103    20.6798     9.6939
    2.8353    36.2381     0.8237    21.1775     9.5775
    2.8528    35.2665     0.8360    21.6628     9.4667
    2.8703    34.3675     0.8471    22.1335     9.3618
    2.8878    33.5389     0.8572    22.5877     9.2627
    2.9053    32.7784     0.8663    23.0233     9.1697
    2.9228    32.0836     0.8744    23.4384     9.0828
    2.9403    31.4522     0.8818    23.8308     9.0023
    2.9578    30.8820     0.8883    24.1987     8.9280
    2.9753    30.3708     0.8941    24.5402     8.8603
    2.9928    29.9166     0.8992    24.8533     8.7990
    3.0103    29.5176     0.9037    25.1364     8.7444
    3.0278    29.1721     0.9075    25.3879     8.6965
    3.0453    28.8787     0.9107    25.6063     8.6553
    3.0628    28.6362     0.9134    25.7904     8.6209
    3.0803    28.4434     0.9155    25.9391     8.5933
    3.0978    28.2995     0.9170    26.0513     8.5726
    3.1153    28.2040     0.9180    26.1266     8.5588
    3.1328    28.1563     0.9185    26.1643     8.5518
    3.1503    28.1563     0.9185    26.1643     8.5518
    3.1678    28.2040     0.9180    26.1266     8.5588
    3.1853    28.2995     0.9170    26.0513     8.5726
    3.2028    28.4434     0.9155    25.9391     8.5933
    3.2204    28.6362     0.9134    25.7904     8.6209
    3.2379    28.8787     0.9107    25.6063     8.6553
    3.2554    29.1721     0.9075    25.3879     8.6965
    3.2729    29.5176     0.9037    25.1364     8.7444
    3.2904    29.9166     0.8992    24.8533     8.7990
    3.3079    30.3708     0.8941    24.5402     8.8603
    3.3254    30.8820     0.8883    24.1987     8.9280
    3.3429    31.4522     0.8818    23.8308     9.0023
    3.3604    32.0836     0.8744    23.4384     9.0828
    3.3779    32.7784     0.8663    23.0233     9.1697
    3.3954    33.5389     0.8572    22.5877     9.2627
    3.4129    34.3675     0.8471    22.1335     9.3618
    3.4304    35.2665     0.8360    21.6628     9.4667
    3.4479    36.2381     0.8237    21.1775     9.5775
    3.4654    37.2841     0.8103    20.6798     9.6939
    3.4829    38.4061     0.7956    20.1714     9.8159
    3.5004    39.6051     0.7795    19.6542     9.9432
    3.5179    40.8811     0.7620    19.1301    10.0757
    3.5354    42.2334     0.7430    18.6007    10.2133
    3.5529    43.6598     0.7223    18.0677    10.3558
    3.5704    45.1563     0.7000    17.5327    10.5029
    3.5879    46.7169     0.6760    16.9969    10.6546
    3.6054    48.3332     0.6503    16.4619    10.8107
    3.6229    49.9940     0.6229    15.9289    10.9708
    3.6404    51.6845     0.5939    15.3989    11.1350
    3.6579    53.3864     0.5633    14.8730    11.3028
    3.6754    55.0776     0.5313    14.3523    11.4743
    3.6929    56.7322     0.4982    13.8375    11.6490
    3.7104    58.3205     0.4642    13.3295    11.8269
    3.7279    59.8098     0.4297    12.8288    12.0077
    3.7454    61.1651     0.3952    12.3363    12.1912
    3.7629    62.3508     0.3612    11.8523    12.3771
    3.7804    63.3322     0.3283    11.3773    12.5652
    3.7979    64.0771     0.2969    10.9119    12.7554
    3.8154    64.5584     0.2678    10.4562    12.9473
    3.8329    64.7559     0.2415    10.0105    13.1407
    3.8504    64.6576     0.2185     9.5752    13.3355
    3.8679    64.2610     0.1991     9.1504    13.5313
    3.8854    63.5733     0.1836     8.7362    13.7279
    3.9029    62.6108     0.1723     8.3328    13.9251
    3.9204    61.3981     0.1650     7.9401    14.1226
    3.9379    59.9659     0.1617     7.5583    14.3202
    3.9554    58.3494     0.1621     7.1873    14.5177
    3.9729    56.5859     0.1660     6.8271    14.7147
    3.9904    54.7128     0.1730     6.4778    14.9112
    4.0079    52.7659     0.1826     6.1391    15.1067
    4.0254    50.7784     0.1944     5.8111    15.3012
    4.0429    48.7797     0.2080     5.4936    15.4943
    4.0604    46.7950     0.2230     5.1866    15.6858
    4.0779    44.8452     0.2390     4.8900    15.8754
    4.0954    42.9470     0.2558     4.6035    16.0630
    4.1129    41.1134     0.2729     4.3271    16.2484
    4.1305    39.3536     0.2902     4.0607    16.4312
    4.1480    37.6741     0.3074     3.8040    16.6113
    4.1655    36.0789     0.3245     3.5570    16.7884
    4.1830    34.5698     0.3412     3.3196    16.9623
    4.2005    33.1470     0.3574     3.0915    17.1329
    4.2180    31.8097     0.3731     2.8726    17.2999
    4.2355    30.5558     0.3883     2.6628    17.4630
    4.2530    29.3826     0.4028     2.4620    17.6222
    4.2705    28.2872     0.4166     2.2699    17.7771
    4.2880    27.2662     0.4298     2.0865    17.9277
    4.3055    26.3159     0.4423     1.9116    18.0737
    4.3230    25.4328     0.4541     1.7452    18.2150
    4.3405    24.6134     0.4652     1.5870    18.3513
    4.3580    23.8542     0.4757     1.4369    18.4825
    4.3755    23.1518     0.4855     1.2948    18.6085
    4.3930    22.5031     0.4947     1.1607    18.7291
    4.4105    21.9050     0.5033     1.0343    18.8441
    4.4280    21.3548     0.5113     0.9157    18.9535
    4.4455    20.8497     0.5187     0.8046    19.0570
    4.4630    20.3874     0.5256     0.7010    19.1545
    4.4805    19.9657     0.5319     0.6049    19.2460
    4.4980    19.5825     0.5376     0.5161    19.3313
    4.5155    19.2359     0.5429     0.4345    19.4103
    4.5330    18.9243     0.5477     0.3601    19.4829
    4.5505    18.6462     0.5519     0.2929    19.5491
    4.5680    18.4001     0.5557     0.2327    19.6087
    4.5855    18.1850     0.5591     0.1795    19.6616
    4.6030    17.9997     0.5620     0.1332    19.7079
    4.6205    17.8434     0.5644     0.0939    19.7474
    4.6380    17.7154     0.5664     0.0615    19.7801
    4.6555    17.6150     0.5680     0.0360    19.8060
    4.6730    17.5418     0.5692     0.0172    19.8250
    4.6905    17.4953     0.5699     0.0053    19.8370
    4.7080    17.4754     0.5702     0.0002    19.8422
    4.7255    17.4821     0.5701     0.0019    19.8405
    4.7430    17.5152     0.5696     0.0104    19.8319
    4.7605    17.5750     0.5687     0.0257    19.8163
    4.7780    17.6618     0.5673     0.0479    19.7939
    4.7955    17.7759     0.5655     0.0769    19.7646
    4.8130    17.9180     0.5633     0.1127    19.7285
    4.8305    18.0887     0.5606     0.1555    19.6856
    4.8480    18.2887     0.5575     0.2052    19.6360
    4.8655    18.5192     0.5539     0.2619    19.5797
    4.8830    18.7812     0.5499     0.3256    19.5168
    4.9005    19.0759     0.5453     0.3964    19.4474
    4.9180    19.4048     0.5403     0.4744    19.3716
    4.9355    19.7694     0.5348     0.5596    19.2895
    4.9530    20.1717     0.5288     0.6520    19.2011
    4.9705    20.6134     0.5222     0.7519    19.1065
    4.9880    21.0967     0.5151     0.8592    19.0060
    5.0055    21.6241     0.5074     0.9740    18.8995
    5.0230    22.1979     0.4991     1.0965    18.7873
    5.0405    22.8209     0.4902     1.2268    18.6695
    5.0581    23.4961     0.4807     1.3648    18.5462
    5.0756    24.2265     0.4705     1.5109    18.4176
    5.0931    25.0154     0.4597     1.6650    18.2838
    5.1106    25.8662     0.4483     1.8274    18.1449
    5.1281    26.7824     0.4361     1.9980    18.0013
    5.1456    27.7676     0.4233     2.1771    17.8530
    5.1631    28.8254     0.4098     2.3649    17.7002
    5.1806    29.9593     0.3956     2.5613    17.5431
    5.1981    31.1724     0.3808     2.7666    17.3819
    5.2156    32.4678     0.3654     2.9809    17.2168
    5.2331    33.8477     0.3494     3.2044    17.0481
    5.2506    35.3135     0.3329     3.4371    16.8758
    5.2681    36.8658     0.3160     3.6793    16.7002
    5.2856    38.5035     0.2988     3.9311    16.5216
    5.3031    40.2238     0.2815     4.1926    16.3401
    5.3206    42.0215     0.2643     4.4640    16.1560
    5.3381    43.8888     0.2473     4.7455    15.9695
    5.3556    45.8146     0.2309     5.0370    15.7808
    5.3731    47.7842     0.2154     5.3388    15.5902
    5.3906    49.7788     0.2010     5.6511    15.3979
    5.4081    51.7753     0.1882     5.9738    15.2041
    5.4256    53.7464     0.1775     6.3071    15.0091
    5.4431    55.6607     0.1692     6.6511    14.8131
    5.4606    57.4837     0.1637     7.0059    14.6163
    5.4781    59.1784     0.1615     7.3714    14.4190
    5.4956    60.7073     0.1629     7.7478    14.2214
    5.5131    62.0339     0.1681     8.1351    14.0238
    5.5306    63.1250     0.1774     8.5331    13.8264
    5.5481    63.9527     0.1909     8.9420    13.6295
    5.5656    64.4964     0.2083     9.3615    13.4333
    5.5831    64.7441     0.2296     9.7916    13.2380
    5.6006    64.6936     0.2543    10.2321    13.0438
    5.6181    64.3521     0.2821    10.6828    12.8511
    5.6356    63.7360     0.3124    11.1434    12.6601
    5.6531    62.8691     0.3446    11.6137    12.4709
    5.6706    61.7814     0.3781    12.0932    12.2838
    5.6881    60.5064     0.4124    12.5815    12.0991
    5.7056    59.0797     0.4470    13.0782    11.9169
    5.7231    57.5366     0.4813    13.5826    11.7376
    5.7406    55.9113     0.5149    14.0941    11.5612
    5.7581    54.2349     0.5475    14.6120    11.3881
    5.7756    52.5353     0.5788    15.1354    11.2184
    5.7931    50.8366     0.6086    15.6634    11.0524
    5.8106    49.1589     0.6369    16.1951    10.8902
    5.8281    47.5187     0.6634    16.7293    10.7321
    5.8456    45.9290     0.6883    17.2648    10.5782
    5.8631    44.3996     0.7114    17.8004    10.4288
    5.8806    42.9376     0.7328    18.3346    10.2839
    5.8981    41.5479     0.7527    18.8659    10.1439
    5.9156    40.2335     0.7709    19.3929    10.0088
    5.9331    38.9959     0.7877    19.9138     9.8789
    5.9506    37.8355     0.8031    20.4268     9.7542
    5.9682    36.7517     0.8172    20.9301     9.6350
    5.9857    35.7431     0.8300    21.4218     9.5214
    6.0032    34.8081     0.8417    21.9001     9.4135
    6.0207    33.9445     0.8522    22.3628     9.3115
    6.0382    33.1503     0.8618    22.8079     9.2154
    6.0557    32.4229     0.8705    23.2335     9.1255
    6.0732    31.7601     0.8782    23.6375     9.0418
    6.0907    31.1596     0.8852    24.0180     8.9643
    6.1082    30.6191     0.8913    24.3729     8.8933
    6.1257    30.1367     0.8968    24.7004     8.8288
    6.1432    29.7103     0.9015    24.9987     8.7709
    6.1607    29.3382     0.9057    25.2662     8.7196
    6.1782    29.0190     0.9092    25.5013     8.6750
    6.1957    28.7512     0.9121    25.7028     8.6372
    6.2132    28.5336     0.9145    25.8692     8.6062
    6.2307    28.3654     0.9163    25.9998     8.5821
    6.2482    28.2457     0.9176    26.0936     8.5648
    6.2657    28.1742     0.9184    26.1502     8.5544
    6.2832    28.1503     0.9186    26.1690     8.5510
