# Theta E V G K
    0.0000   343.9576     0.1771   146.1095   260.7839
    0.0175   343.9576     0.1771   146.1095   260.8031
    0.0350   343.9576     0.1771   146.1095   260.8609
    0.0525   343.9576     0.1771   146.1095   260.9570
    0.0700   343.9576     0.1771   146.1095   261.0915
    0.0875   343.9576     0.1771   146.1095   261.2641
    0.1050   343.9576     0.1771   146.1095   261.4746
    0.1225   343.9576     0.1771   146.1095   261.7228
    0.1400   343.9576     0.1771   146.1095   262.0084
    0.1575   343.9576     0.1771   146.1095   262.3309
    0.1750   343.9576     0.1771   146.1095   262.6901
    0.1925   343.9576     0.1771   146.1095   263.0855
    0.2100   343.9576     0.1771   146.1095   263.5165
    0.2275   343.9576     0.1771   146.1095   263.9827
    0.2450   343.9576     0.1771   146.1095   264.4835
    0.2625   343.9576     0.1771   146.1095   265.0183
    0.2800   343.9576     0.1771   146.1095   265.5864
    0.2975   343.9576     0.1771   146.1095   266.1872
    0.3150   343.9576     0.1771   146.1095   266.8198
    0.3325   343.9576     0.1771   146.1095   267.4836
    0.3500   343.9576     0.1771   146.1095   268.1776
    0.3675   343.9576     0.1771   146.1095   268.9011
    0.3850   343.9576     0.1771   146.1095   269.6532
    0.4025   343.9576     0.1771   146.1095   270.4329
    0.4200   343.9576     0.1771   146.1095   271.2393
    0.4375   343.9576     0.1771   146.1095   272.0715
    0.4550   343.9576     0.1771   146.1095   272.9283
    0.4726   343.9576     0.1771   146.1095   273.8087
    0.4901   343.9576     0.1771   146.1095   274.7117
    0.5076   343.9576     0.1771   146.1095   275.6361
    0.5251   343.9576     0.1771   146.1095   276.5809
    0.5426   343.9576     0.1771   146.1095   277.5448
    0.5601   343.9576     0.1771   146.1095   278.5267
    0.5776   343.9576     0.1771   146.1095   279.5253
    0.5951   343.9576     0.1771   146.1095   280.5396
    0.6126   343.9576     0.1771   146.1095   281.5681
    0.6301   343.9576     0.1771   146.1095   282.6097
    0.6476   343.9576     0.1771   146.1095   283.6630
    0.6651   343.9576     0.1771   146.1095   284.7268
    0.6826   343.9576     0.1771   146.1095   285.7998
    0.7001   343.9576     0.1771   146.1095   286.8807
    0.7176   343.9576     0.1771   146.1095   287.9681
    0.7351   343.9576     0.1771   146.1095   289.0608
    0.7526   343.9576     0.1771   146.1095   290.1572
    0.7701   343.9576     0.1771   146.1095   291.2563
    0.7876   343.9576     0.1771   146.1095   292.3565
    0.8051   343.9576     0.1771   146.1095   293.4565
    0.8226   343.9576     0.1771   146.1095   294.5550
    0.8401   343.9576     0.1771   146.1095   295.6506
    0.8576   343.9576     0.1771   146.1095   296.7421
    0.8751   343.9576     0.1771   146.1095   297.8280
    0.8926   343.9576     0.1771   146.1095   298.9070
    0.9101   343.9576     0.1771   146.1095   299.9779
    0.9276   343.9576     0.1771   146.1095   301.0392
    0.9451   343.9576     0.1771   146.1095   302.0897
    0.9626   343.9576     0.1771   146.1095   303.1281
    0.9801   343.9576     0.1771   146.1095   304.1532
    0.9976   343.9576     0.1771   146.1095   305.1637
    1.0151   343.9576     0.1771   146.1095   306.1582
    1.0326   343.9576     0.1771   146.1095   307.1358
    1.0501   343.9576     0.1771   146.1095   308.0950
    1.0676   343.9576     0.1771   146.1095   309.0348
    1.0851   343.9576     0.1771   146.1095   309.9540
    1.1026   343.9576     0.1771   146.1095   310.8514
    1.1201   343.9576     0.1771   146.1095   311.7260
    1.1376   343.9576     0.1771   146.1095   312.5768
    1.1551   343.9576     0.1771   146.1095   313.4025
    1.1726   343.9576     0.1771   146.1095   314.2024
    1.1901   343.9576     0.1771   146.1095   314.9753
    1.2076   343.9576     0.1771   146.1095   315.7203
    1.2251   343.9576     0.1771   146.1095   316.4365
    1.2426   343.9576     0.1771   146.1095   317.1231
    1.2601   343.9576     0.1771   146.1095   317.7791
    1.2776   343.9576     0.1771   146.1095   318.4039
    1.2951   343.9576     0.1771   146.1095   318.9965
    1.3126   343.9576     0.1771   146.1095   319.5564
    1.3301   343.9576     0.1771   146.1095   320.0827
    1.3476   343.9576     0.1771   146.1095   320.5749
    1.3651   343.9576     0.1771   146.1095   321.0324
    1.3827   343.9576     0.1771   146.1095   321.4546
    1.4002   343.9576     0.1771   146.1095   321.8409
    1.4177   343.9576     0.1771   146.1095   322.1910
    1.4352   343.9576     0.1771   146.1095   322.5043
    1.4527   343.9576     0.1771   146.1095   322.7806
    1.4702   343.9576     0.1771   146.1095   323.0194
    1.4877   343.9576     0.1771   146.1095   323.2204
    1.5052   343.9576     0.1771   146.1095   323.3835
    1.5227   343.9576     0.1771   146.1095   323.5084
    1.5402   343.9576     0.1771   146.1095   323.5950
    1.5577   343.9576     0.1771   146.1095   323.6431
    1.5752   343.9576     0.1771   146.1095   323.6528
    1.5927   343.9576     0.1771   146.1095   323.6239
    1.6102   343.9576     0.1771   146.1095   323.5565
    1.6277   343.9576     0.1771   146.1095   323.4508
    1.6452   343.9576     0.1771   146.1095   323.3068
    1.6627   343.9576     0.1771   146.1095   323.1246
    1.6802   343.9576     0.1771   146.1095   322.9047
    1.6977   343.9576     0.1771   146.1095   322.6471
    1.7152   343.9576     0.1771   146.1095   322.3523
    1.7327   343.9576     0.1771   146.1095   322.0205
    1.7502   343.9576     0.1771   146.1095   321.6523
    1.7677   343.9576     0.1771   146.1095   321.2479
    1.7852   343.9576     0.1771   146.1095   320.8080
    1.8027   343.9576     0.1771   146.1095   320.3331
    1.8202   343.9576     0.1771   146.1095   319.8238
    1.8377   343.9576     0.1771   146.1095   319.2806
    1.8552   343.9576     0.1771   146.1095   318.7042
    1.8727   343.9576     0.1771   146.1095   318.0955
    1.8902   343.9576     0.1771   146.1095   317.4550
    1.9077   343.9576     0.1771   146.1095   316.7836
    1.9252   343.9576     0.1771   146.1095   316.0821
    1.9427   343.9576     0.1771   146.1095   315.3513
    1.9602   343.9576     0.1771   146.1095   314.5923
    1.9777   343.9576     0.1771   146.1095   313.8058
    1.9952   343.9576     0.1771   146.1095   312.9928
    2.0127   343.9576     0.1771   146.1095   312.1545
    2.0302   343.9576     0.1771   146.1095   311.2916
    2.0477   343.9576     0.1771   146.1095   310.4055
    2.0652   343.9576     0.1771   146.1095   309.4970
    2.0827   343.9576     0.1771   146.1095   308.5674
    2.1002   343.9576     0.1771   146.1095   307.6177
    2.1177   343.9576     0.1771   146.1095   306.6492
    2.1352   343.9576     0.1771   146.1095   305.6630
    2.1527   343.9576     0.1771   146.1095   304.6603
    2.1702   343.9576     0.1771   146.1095   303.6424
    2.1877   343.9576     0.1771   146.1095   302.6105
    2.2052   343.9576     0.1771   146.1095   301.5659
    2.2227   343.9576     0.1771   146.1095   300.5098
    2.2402   343.9576     0.1771   146.1095   299.4435
    2.2577   343.9576     0.1771   146.1095   298.3684
    2.2752   343.9576     0.1771   146.1095   297.2858
    2.2928   343.9576     0.1771   146.1095   296.1970
    2.3103   343.9576     0.1771   146.1095   295.1033
    2.3278   343.9576     0.1771   146.1095   294.0060
    2.3453   343.9576     0.1771   146.1095   292.9066
    2.3628   343.9576     0.1771   146.1095   291.8063
    2.3803   343.9576     0.1771   146.1095   290.7065
    2.3978   343.9576     0.1771   146.1095   289.6086
    2.4153   343.9576     0.1771   146.1095   288.5139
    2.4328   343.9576     0.1771   146.1095   287.4237
    2.4503   343.9576     0.1771   146.1095   286.3394
    2.4678   343.9576     0.1771   146.1095   285.2623
    2.4853   343.9576     0.1771   146.1095   284.1937
    2.5028   343.9576     0.1771   146.1095   283.1349
    2.5203   343.9576     0.1771   146.1095   282.0873
    2.5378   343.9576     0.1771   146.1095   281.0521
    2.5553   343.9576     0.1771   146.1095   280.0306
    2.5728   343.9576     0.1771   146.1095   279.0240
    2.5903   343.9576     0.1771   146.1095   278.0336
    2.6078   343.9576     0.1771   146.1095   277.0605
    2.6253   343.9576     0.1771   146.1095   276.1060
    2.6428   343.9576     0.1771   146.1095   275.1713
    2.6603   343.9576     0.1771   146.1095   274.2574
    2.6778   343.9576     0.1771   146.1095   273.3656
    2.6953   343.9576     0.1771   146.1095   272.4968
    2.7128   343.9576     0.1771   146.1095   271.6522
    2.7303   343.9576     0.1771   146.1095   270.8329
    2.7478   343.9576     0.1771   146.1095   270.0397
    2.7653   343.9576     0.1771   146.1095   269.2736
    2.7828   343.9576     0.1771   146.1095   268.5357
    2.8003   343.9576     0.1771   146.1095   267.8269
    2.8178   343.9576     0.1771   146.1095   267.1478
    2.8353   343.9576     0.1771   146.1095   266.4996
    2.8528   343.9576     0.1771   146.1095   265.8828
    2.8703   343.9576     0.1771   146.1095   265.2983
    2.8878   343.9576     0.1771   146.1095   264.7467
    2.9053   343.9576     0.1771   146.1095   264.2288
    2.9228   343.9576     0.1771   146.1095   263.7453
    2.9403   343.9576     0.1771   146.1095   263.2966
    2.9578   343.9576     0.1771   146.1095   262.8833
    2.9753   343.9576     0.1771   146.1095   262.5060
    2.9928   343.9576     0.1771   146.1095   262.1650
    3.0103   343.9576     0.1771   146.1095   261.8609
    3.0278   343.9576     0.1771   146.1095   261.5940
    3.0453   343.9576     0.1771   146.1095   261.3646
    3.0628   343.9576     0.1771   146.1095   261.1730
    3.0803   343.9576     0.1771   146.1095   261.0195
    3.0978   343.9576     0.1771   146.1095   260.9042
    3.1153   343.9576     0.1771   146.1095   260.8272
    3.1328   343.9576     0.1771   146.1095   260.7887
    3.1503   343.9576     0.1771   146.1095   260.7887
    3.1678   343.9576     0.1771   146.1095   260.8272
    3.1853   343.9576     0.1771   146.1095   260.9042
    3.2028   343.9576     0.1771   146.1095   261.0195
    3.2204   343.9576     0.1771   146.1095   261.1730
    3.2379   343.9576     0.1771   146.1095   261.3646
    3.2554   343.9576     0.1771   146.1095   261.5940
    3.2729   343.9576     0.1771   146.1095   261.8609
    3.2904   343.9576     0.1771   146.1095   262.1650
    3.3079   343.9576     0.1771   146.1095   262.5060
    3.3254   343.9576     0.1771   146.1095   262.8833
    3.3429   343.9576     0.1771   146.1095   263.2966
    3.3604   343.9576     0.1771   146.1095   263.7453
    3.3779   343.9576     0.1771   146.1095   264.2288
    3.3954   343.9576     0.1771   146.1095   264.7467
    3.4129   343.9576     0.1771   146.1095   265.2983
    3.4304   343.9576     0.1771   146.1095   265.8828
    3.4479   343.9576     0.1771   146.1095   266.4996
    3.4654   343.9576     0.1771   146.1095   267.1478
    3.4829   343.9576     0.1771   146.1095   267.8269
    3.5004   343.9576     0.1771   146.1095   268.5357
    3.5179   343.9576     0.1771   146.1095   269.2736
    3.5354   343.9576     0.1771   146.1095   270.0397
    3.5529   343.9576     0.1771   146.1095   270.8329
    3.5704   343.9576     0.1771   146.1095   271.6522
    3.5879   343.9576     0.1771   146.1095   272.4968
    3.6054   343.9576     0.1771   146.1095   273.3656
    3.6229   343.9576     0.1771   146.1095   274.2574
    3.6404   343.9576     0.1771   146.1095   275.1713
    3.6579   343.9576     0.1771   146.1095   276.1060
    3.6754   343.9576     0.1771   146.1095   277.0605
    3.6929   343.9576     0.1771   146.1095   278.0336
    3.7104   343.9576     0.1771   146.1095   279.0240
    3.7279   343.9576     0.1771   146.1095   280.0306
    3.7454   343.9576     0.1771   146.1095   281.0521
    3.7629   343.9576     0.1771   146.1095   282.0873
    3.7804   343.9576     0.1771   146.1095   283.1349
    3.7979   343.9576     0.1771   146.1095   284.1937
    3.8154   343.9576     0.1771   146.1095   285.2623
    3.8329   343.9576     0.1771   146.1095   286.3394
    3.8504   343.9576     0.1771   146.1095   287.4237
    3.8679   343.9576     0.1771   146.1095   288.5139
    3.8854   343.9576     0.1771   146.1095   289.6086
    3.9029   343.9576     0.1771   146.1095   290.7065
    3.9204   343.9576     0.1771   146.1095   291.8063
    3.9379   343.9576     0.1771   146.1095   292.9066
    3.9554   343.9576     0.1771   146.1095   294.0060
    3.9729   343.9576     0.1771   146.1095   295.1033
    3.9904   343.9576     0.1771   146.1095   296.1970
    4.0079   343.9576     0.1771   146.1095   297.2858
    4.0254   343.9576     0.1771   146.1095   298.3684
    4.0429   343.9576     0.1771   146.1095   299.4435
    4.0604   343.9576     0.1771   146.1095   300.5098
    4.0779   343.9576     0.1771   146.1095   301.5659
    4.0954   343.9576     0.1771   146.1095   302.6105
    4.1129   343.9576     0.1771   146.1095   303.6424
    4.1305   343.9576     0.1771   146.1095   304.6603
    4.1480   343.9576     0.1771   146.1095   305.6630
    4.1655   343.9576     0.1771   146.1095   306.6492
    4.1830   343.9576     0.1771   146.1095   307.6177
    4.2005   343.9576     0.1771   146.1095   308.5674
    4.2180   343.9576     0.1771   146.1095   309.4970
    4.2355   343.9576     0.1771   146.1095   310.4055
    4.2530   343.9576     0.1771   146.1095   311.2916
    4.2705   343.9576     0.1771   146.1095   312.1545
    4.2880   343.9576     0.1771   146.1095   312.9928
    4.3055   343.9576     0.1771   146.1095   313.8058
    4.3230   343.9576     0.1771   146.1095   314.5923
    4.3405   343.9576     0.1771   146.1095   315.3513
    4.3580   343.9576     0.1771   146.1095   316.0821
    4.3755   343.9576     0.1771   146.1095   316.7836
    4.3930   343.9576     0.1771   146.1095   317.4550
    4.4105   343.9576     0.1771   146.1095   318.0955
    4.4280   343.9576     0.1771   146.1095   318.7042
    4.4455   343.9576     0.1771   146.1095   319.2806
    4.4630   343.9576     0.1771   146.1095   319.8238
    4.4805   343.9576     0.1771   146.1095   320.3331
    4.4980   343.9576     0.1771   146.1095   320.8080
    4.5155   343.9576     0.1771   146.1095   321.2479
    4.5330   343.9576     0.1771   146.1095   321.6523
    4.5505   343.9576     0.1771   146.1095   322.0205
    4.5680   343.9576     0.1771   146.1095   322.3523
    4.5855   343.9576     0.1771   146.1095   322.6471
    4.6030   343.9576     0.1771   146.1095   322.9047
    4.6205   343.9576     0.1771   146.1095   323.1246
    4.6380   343.9576     0.1771   146.1095   323.3068
    4.6555   343.9576     0.1771   146.1095   323.4508
    4.6730   343.9576     0.1771   146.1095   323.5565
    4.6905   343.9576     0.1771   146.1095   323.6239
    4.7080   343.9576     0.1771   146.1095   323.6528
    4.7255   343.9576     0.1771   146.1095   323.6431
    4.7430   343.9576     0.1771   146.1095   323.5950
    4.7605   343.9576     0.1771   146.1095   323.5084
    4.7780   343.9576     0.1771   146.1095   323.3835
    4.7955   343.9576     0.1771   146.1095   323.2204
    4.8130   343.9576     0.1771   146.1095   323.0194
    4.8305   343.9576     0.1771   146.1095   322.7806
    4.8480   343.9576     0.1771   146.1095   322.5043
    4.8655   343.9576     0.1771   146.1095   322.1910
    4.8830   343.9576     0.1771   146.1095   321.8409
    4.9005   343.9576     0.1771   146.1095   321.4546
    4.9180   343.9576     0.1771   146.1095   321.0324
    4.9355   343.9576     0.1771   146.1095   320.5749
    4.9530   343.9576     0.1771   146.1095   320.0827
    4.9705   343.9576     0.1771   146.1095   319.5564
    4.9880   343.9576     0.1771   146.1095   318.9965
    5.0055   343.9576     0.1771   146.1095   318.4039
    5.0230   343.9576     0.1771   146.1095   317.7791
    5.0405   343.9576     0.1771   146.1095   317.1231
    5.0581   343.9576     0.1771   146.1095   316.4365
    5.0756   343.9576     0.1771   146.1095   315.7203
    5.0931   343.9576     0.1771   146.1095   314.9753
    5.1106   343.9576     0.1771   146.1095   314.2024
    5.1281   343.9576     0.1771   146.1095   313.4025
    5.1456   343.9576     0.1771   146.1095   312.5768
    5.1631   343.9576     0.1771   146.1095   311.7260
    5.1806   343.9576     0.1771   146.1095   310.8514
    5.1981   343.9576     0.1771   146.1095   309.9540
    5.2156   343.9576     0.1771   146.1095   309.0348
    5.2331   343.9576     0.1771   146.1095   308.0950
    5.2506   343.9576     0.1771   146.1095   307.1358
    5.2681   343.9576     0.1771   146.1095   306.1582
    5.2856   343.9576     0.1771   146.1095   305.1637
    5.3031   343.9576     0.1771   146.1095   304.1532
    5.3206   343.9576     0.1771   146.1095   303.1281
    5.3381   343.9576     0.1771   146.1095   302.0897
    5.3556   343.9576     0.1771   146.1095   301.0392
    5.3731   343.9576     0.1771   146.1095   299.9779
    5.3906   343.9576     0.1771   146.1095   298.9070
    5.4081   343.9576     0.1771   146.1095   297.8280
    5.4256   343.9576     0.1771   146.1095   296.7421
    5.4431   343.9576     0.1771   146.1095   295.6506
    5.4606   343.9576     0.1771   146.1095   294.5550
    5.4781   343.9576     0.1771   146.1095   293.4565
    5.4956   343.9576     0.1771   146.1095   292.3565
    5.5131   343.9576     0.1771   146.1095   291.2563
    5.5306   343.9576     0.1771   146.1095   290.1572
    5.5481   343.9576     0.1771   146.1095   289.0608
    5.5656   343.9576     0.1771   146.1095   287.9681
    5.5831   343.9576     0.1771   146.1095   286.8807
    5.6006   343.9576     0.1771   146.1095   285.7998
    5.6181   343.9576     0.1771   146.1095   284.7268
    5.6356   343.9576     0.1771   146.1095   283.6630
    5.6531   343.9576     0.1771   146.1095   282.6097
    5.6706   343.9576     0.1771   146.1095   281.5681
    5.6881   343.9576     0.1771   146.1095   280.5396
    5.7056   343.9576     0.1771   146.1095   279.5253
    5.7231   343.9576     0.1771   146.1095   278.5267
    5.7406   343.9576     0.1771   146.1095   277.5448
    5.7581   343.9576     0.1771   146.1095   276.5809
    5.7756   343.9576     0.1771   146.1095   275.6361
    5.7931   343.9576     0.1771   146.1095   274.7117
    5.8106   343.9576     0.1771   146.1095   273.8087
    5.8281   343.9576     0.1771   146.1095   272.9283
    5.8456   343.9576     0.1771   146.1095   272.0715
    5.8631   343.9576     0.1771   146.1095   271.2393
    5.8806   343.9576     0.1771   146.1095   270.4329
    5.8981   343.9576     0.1771   146.1095   269.6532
    5.9156   343.9576     0.1771   146.1095   268.9011
    5.9331   343.9576     0.1771   146.1095   268.1776
    5.9506   343.9576     0.1771   146.1095   267.4836
    5.9682   343.9576     0.1771   146.1095   266.8198
    5.9857   343.9576     0.1771   146.1095   266.1872
    6.0032   343.9576     0.1771   146.1095   265.5864
    6.0207   343.9576     0.1771   146.1095   265.0183
    6.0382   343.9576     0.1771   146.1095   264.4835
    6.0557   343.9576     0.1771   146.1095   263.9827
    6.0732   343.9576     0.1771   146.1095   263.5165
    6.0907   343.9576     0.1771   146.1095   263.0855
    6.1082   343.9576     0.1771   146.1095   262.6901
    6.1257   343.9576     0.1771   146.1095   262.3309
    6.1432   343.9576     0.1771   146.1095   262.0084
    6.1607   343.9576     0.1771   146.1095   261.7228
    6.1782   343.9576     0.1771   146.1095   261.4746
    6.1957   343.9576     0.1771   146.1095   261.2641
    6.2132   343.9576     0.1771   146.1095   261.0915
    6.2307   343.9576     0.1771   146.1095   260.9570
    6.2482   343.9576     0.1771   146.1095   260.8609
    6.2657   343.9576     0.1771   146.1095   260.8031
    6.2832   343.9576     0.1771   146.1095   260.7839
